0 68 25:34 48
1 68 25:50 48
2 68 25:34 48
3 68 24:57 48
4 68 18:00 50
5 68 07:57 67
6 68 07:54 83
7 68 07:52 86
8 68 07:52 86
11 82 07:54 86
12 82 07:53 86
15 102 07:51 86
16 110 07:54 86
17 118 07:55 86
18 119 07:56 86
20 125 07:57 86
21 125 07:58 86
22 130 07:59 86
23 130 07:59 86
24 134 07:59 86
28 138 07:59 86
34 140 07:51 86
38 140 07:55 86
39 140 07:55 86
40 140 07:54 86
41 140 07:52 86
42 140 07:52 86
43 140 07:53 86
44 142 07:54 86
45 142 07:55 86
46 144 07:55 86
47 144 07:56 86
48 144 07:56 86
49 141 07:56 86
50 147 07:56 86
51 151 07:56 86
52 154 07:57 86
53 154 07:57 86
59 154 07:55 86
62 157 07:57 86
68 157 07:58 86
73 157 07:58 86
74 157 07:58 86
75 157 07:57 86
76 157 07:55 86
77 158 07:54 86
78 160 07:54 86
79 163 07:54 86
80 163 07:55 86
81 163 07:57 86
82 163 07:58 86
83 164 07:59 86
84 164 08:01 86
85 164 08:00 86
86 164 07:58 86
87 164 07:58 86
88 162 07:57 86
89 162 07:56 86
90 162 07:56 86
91 162 07:56 86
92 162 07:57 86
93 160 07:59 86
94 160 07:59 86
95 160 07:59 86
97 160 08:00 86
98 164 08:01 86
99 166 08:02 86
100 166 08:02 86
101 166 08:03 86
104 167 08:05 86
105 167 08:03 86
106 167 08:01 86
107 166 07:59 86
108 167 07:57 86
109 167 07:57 86
110 167 07:57 86
111 167 07:58 86
112 167 07:58 86
113 166 07:58 86
114 166 07:58 86
115 166 07:58 86
116 166 07:58 86
117 166 07:59 86
118 163 07:59 86
119 163 07:59 86
120 162 08:01 86
121 162 08:03 86
122 162 08:04 86
124 162 08:00 86
125 162 07:59 86
126 162 07:59 86
127 162 07:58 86
128 163 07:58 86
129 163 07:56 86
130 163 07:55 86
131 163 07:53 86
132 163 07:53 86
133 163 07:53 86
134 163 07:54 86
135 163 07:54 86
136 164 07:53 86
137 164 07:52 86
138 164 07:51 86
139 164 07:49 86
140 164 07:48 86
141 165 07:48 86
142 165 07:49 86
143 165 07:49 86
144 165 07:50 86
145 165 07:51 86
146 165 07:52 86
147 165 07:54 86
148 165 07:55 86
149 165 07:56 86
150 164 07:57 86
151 164 07:59 86
152 164 08:02 86
153 164 08:02 86
154 164 08:02 86
155 164 08:01 86
156 164 08:01 86
157 163 08:02 86
158 163 08:01 87
159 163 08:02 87
160 163 08:02 87
161 163 08:02 87
162 163 08:01 87
163 163 08:01 87
164 165 08:00 87
165 165 07:59 87
166 165 07:56 87
167 165 07:55 87
168 165 07:54 87
169 167 07:54 87
170 167 07:54 87
171 161 07:54 87
172 161 07:54 87
173 161 07:54 87
174 161 07:54 87
175 161 07:54 87
176 161 07:51 87
177 161 07:50 87
178 161 07:50 87
179 161 07:50 87
180 161 07:51 87
181 161 07:51 87
182 162 07:50 87
183 162 07:49 87
184 162 07:48 87
185 157 07:48 87
186 157 07:49 87
187 157 07:48 87
188 157 07:49 87
189 165 07:50 87
190 165 07:50 87
191 165 07:48 87
192 165 07:48 87
193 166 07:48 87
194 166 07:47 87
199 169 07:50 87
205 169 07:42 87
211 171 07:46 88
212 171 07:45 88
213 169 07:45 88
214 169 07:45 88
215 169 07:46 88
216 169 07:47 88
217 169 07:46 88
218 169 07:48 88
219 169 07:48 88
221 169 07:49 88
222 169 07:50 88
223 169 07:50 88
224 169 07:48 88
225 169 07:46 88
226 171 07:46 88
227 172 07:47 88
228 171 07:47 88
229 171 07:46 88
230 171 07:45 88
231 171 07:44 88
232 171 07:44 88
233 171 07:44 88
234 171 07:45 88
235 171 07:45 88
236 178 07:45 88
237 178 07:46 88
238 178 07:46 88
239 178 07:47 88
240 180 07:47 88
246 180 07:43 88
248 180 07:43 88
249 173 07:43 88
250 173 07:44 88
251 173 07:44 88
252 173 07:45 88
253 173 07:46 88
254 173 07:45 88
255 173 07:45 88
256 173 07:45 88
257 168 07:45 88
258 168 07:44 88
259 168 07:44 88
260 168 07:44 88
261 168 07:42 88
262 163 07:41 88
263 163 07:40 88
264 163 07:41 88
265 162 07:40 88
266 162 07:40 88
267 161 07:41 88
268 161 07:42 88
269 161 07:42 88
270 161 07:41 88
271 161 07:41 88
272 161 07:42 88
273 161 07:42 88
274 161 07:42 88
275 161 07:43 88
276 161 07:43 88
277 161 07:43 88
278 161 07:42 88
279 161 07:39 88
280 161 07:37 88
281 161 07:34 88
282 161 07:33 88
283 161 07:32 88
284 161 07:33 88
285 161 07:34 88
286 161 07:35 88
292 162 07:43 88
294 162 07:41 88
295 162 07:41 88
296 162 07:43 88
301 159 07:39 88
306 155 07:35 88
309 152 07:34 88
310 150 07:35 88
316 150 07:35 88
317 149 07:35 88
318 149 07:36 88
319 149 07:36 88
320 149 07:36 88
321 147 07:37 88
322 147 07:38 89
323 147 07:37 89
324 147 07:39 89
325 147 07:39 89
326 148 07:40 89
327 148 07:40 89
328 148 07:40 89
329 148 07:39 89
330 148 07:37 89
331 148 07:36 89
332 146 07:35 89
333 146 07:35 89
336 146 07:33 89
340 149 07:00 89
344 151 06:48 90
345 154 06:47 90
346 154 06:46 90
347 155 06:45 90
348 155 06:44 90
349 156 06:44 90
350 158 06:46 90
351 158 06:47 90
352 159 06:48 90
353 161 06:50 90
354 162 06:50 90
355 162 06:50 90
356 163 06:49 90
357 163 06:48 90
358 165 06:47 90
359 165 06:47 90
360 166 06:47 90
361 166 06:49 90
362 166 06:49 90
363 167 06:50 90
364 167 06:50 90
365 167 06:50 90
366 167 06:50 90
367 167 06:51 90
368 166 06:52 90
369 166 06:53 90
370 166 06:52 90
371 166 06:51 90
372 166 06:51 90
373 166 06:51 90
374 166 06:49 90
375 166 06:49 91
376 166 06:49 91
377 167 06:49 91
378 167 06:50 91
379 167 06:51 91
380 167 06:53 91
386 167 06:56 91
388 167 06:56 91
389 167 06:56 91
390 167 06:55 91
391 167 06:54 91
393 167 06:54 91
394 167 06:54 91
395 167 06:52 91
396 168 06:50 91
397 168 06:50 91
398 167 06:51 91
399 168 06:51 91
400 168 06:54 91
401 168 06:56 91
402 168 06:58 91
403 168 06:59 91
404 169 06:59 91
405 169 06:58 91
406 169 06:58 91
407 169 06:58 91
408 169 06:58 91
409 169 06:59 91
410 168 07:00 91
411 168 07:01 91
412 168 06:59 91
413 168 06:57 91
414 168 06:55 91
420 167 06:51 91
421 167 06:50 91
422 167 06:48 91
423 167 06:47 91
424 167 06:46 91
425 167 06:45 91
426 167 06:45 91
432 169 06:41 91
434 169 06:38 91
435 168 06:38 91
440 169 06:37 91
445 169 06:41 91
448 168 06:41 91
449 169 06:42 91
455 169 06:49 91
456 169 06:51 91
457 169 06:51 91
458 168 06:52 91
459 168 06:52 91
460 168 06:54 91
461 169 06:54 91
462 169 06:54 91
463 168 06:54 91
464 168 06:54 91
465 167 06:54 91
466 168 06:54 91
467 168 06:53 91
468 167 06:51 91
469 167 06:51 91
470 167 06:51 91
471 167 06:52 91
472 167 06:53 91
473 167 06:52 91
479 167 06:51 91
485 168 06:48 91
490 168 06:43 91
491 167 06:42 91
492 167 06:42 91
493 167 06:43 91
494 167 06:43 91
495 168 06:43 91
496 168 06:43 91
497 168 06:44 91
498 168 06:44 91
499 168 06:44 91
500 168 06:43 91
501 168 06:43 91
502 168 06:44 92
503 167 06:46 92
504 167 06:46 92
505 167 06:46 92
506 167 06:46 92
507 168 06:46 92
508 168 06:47 92
509 167 06:47 92
510 167 06:46 92
511 167 06:44 92
512 167 06:41 92
513 167 06:36 92
514 167 06:30 92
515 168 06:29 92
516 168 06:31 92
517 167 06:36 92
518 168 06:38 91
524 168 06:44 91
527 167 06:43 91
528 167 06:44 91
529 166 06:46 91
530 166 06:47 91
531 166 06:48 91
532 166 06:48 91
533 166 06:47 91
534 166 06:46 91
535 167 06:45 91
536 167 06:46 91
537 167 06:47 91
538 167 06:46 91
539 167 06:45 91
541 167 06:46 91
542 167 06:46 91
543 167 06:46 91
544 167 06:45 91
545 167 06:45 91
546 168 06:45 91
547 167 06:45 91
548 167 06:45 91
549 167 06:44 91
550 167 06:44 91
551 167 06:44 91
552 167 06:44 91
553 168 06:45 91
559 169 06:44 91
560 169 06:45 91
561 169 06:44 91
562 169 06:44 91
563 170 06:44 91
564 169 06:44 91
570 168 06:41 91
573 169 06:39 91
574 169 06:38 91
579 170 06:34 91
584 170 06:42 91
590 168 06:42 92
595 168 06:41 92
596 168 06:41 92
597 168 06:43 92
598 168 06:44 92
599 168 06:45 92
600 169 06:45 92
601 169 06:44 92
602 168 06:44 92
603 169 06:42 92
604 169 06:43 92
605 168 06:44 92
606 169 06:44 92
607 169 06:44 92
608 169 06:45 92
609 169 06:44 92
610 168 06:43 92
611 168 06:45 92
617 169 06:43 92
622 169 06:38 92
627 167 06:38 92
630 167 06:38 92
631 167 06:40 92
632 167 06:43 92
633 167 06:44 92
634 167 06:44 92
635 166 06:44 92
636 167 06:46 92
637 166 06:48 92
638 166 06:47 92
639 167 06:46 92
640 167 06:45 92
641 167 06:44 92
642 167 06:43 92
643 168 06:42 92
644 168 06:41 92
645 168 06:41 92
646 168 06:40 92
647 169 06:40 92
648 169 06:42 92
649 169 06:44 92
650 168 06:49 92
651 169 06:49 92
652 168 07:08 91
653 168 07:12 90
654 168 07:17 90
655 168 07:32 89
656 167 07:35 89
657 167 07:37 89
658 167 07:41 89
659 167 07:43 89
660 167 07:48 89
661 166 07:52 89
662 166 07:54 89
663 166 07:56 89
664 166 07:58 89
665 166 07:59 89
666 165 07:58 89
667 165 07:59 89
668 164 08:01 89
669 164 08:01 89
670 164 08:00 88
671 164 07:58 88
672 163 07:54 88
673 163 07:52 88
674 163 07:51 88
675 163 07:49 88
676 163 07:51 88
677 163 07:52 88
678 163 07:52 88
679 163 07:53 88
680 163 07:53 88
681 162 07:52 88
682 162 07:52 88
683 162 07:50 88
684 162 07:50 88
685 162 07:49 88
686 162 07:49 88
687 162 07:48 88
688 162 07:45 88
689 162 07:45 88
690 162 07:46 88
691 162 07:47 88
692 162 07:48 88
693 162 07:47 88
694 162 07:46 88
695 162 07:46 88
696 162 07:45 88
697 161 07:45 88
698 161 07:44 88
699 161 07:44 88
700 161 07:43 88
701 160 07:42 88
702 160 07:41 88
703 160 07:40 88
704 160 07:40 88
705 159 07:41 88
706 158 07:41 88
707 159 07:41 88
708 158 07:40 89
709 158 07:40 89
710 157 07:39 89
711 157 07:36 89
714 157 07:38 89
715 157 07:40 89
716 157 07:43 89
717 156 07:44 89
718 156 07:47 89
719 156 07:48 89
720 156 07:49 89
721 156 07:49 89
723 155 07:49 89
724 155 07:49 89
725 155 07:48 89
726 155 07:47 89
727 155 07:47 89
728 155 07:47 89
729 155 07:49 89
730 155 07:50 89
731 156 07:49 89
732 155 07:48 89
733 156 07:48 89
734 156 07:49 89
735 156 07:49 89
736 156 07:49 89
737 155 07:47 89
738 155 07:45 89
739 155 07:44 89
740 155 07:43 89
741 154 07:43 89
742 155 07:45 89
743 155 07:46 89
744 155 07:48 89
745 155 07:48 89
746 155 07:48 89
747 155 07:47 89
748 155 07:44 89
749 155 07:44 89
750 155 07:44 89
751 155 07:45 89
752 155 07:45 89
753 155 07:44 89
754 155 07:43 89
755 155 07:44 89
756 155 07:45 89
757 154 07:46 89
759 154 07:44 89
760 154 07:42 89
761 153 07:42 89
762 154 07:45 89
763 153 07:46 89
764 153 07:44 89
765 153 07:42 89
766 154 07:39 89
767 153 07:37 89
769 153 07:40 89
770 153 07:41 89
771 153 07:41 89
772 154 07:42 89
773 154 07:42 89
774 154 07:42 89
775 154 07:42 89
776 155 07:42 89
777 154 07:42 89
778 154 07:43 89
779 155 07:46 89
780 155 07:46 89
781 155 07:49 89
782 155 07:50 89
783 156 07:51 89
784 156 07:54 89
785 156 07:55 89
786 156 07:56 89
787 156 07:55 89
788 156 07:54 89
789 156 07:54 89
790 156 07:51 89
791 156 07:50 89
792 155 07:50 89
793 156 07:50 89
794 156 07:51 89
795 155 07:52 89
796 155 07:52 89
797 155 07:54 89
798 155 07:55 89
799 155 07:53 89
800 156 07:53 89
801 156 07:53 89
802 156 07:52 89
803 157 07:50 89
804 157 07:49 89
805 158 07:46 89
806 158 07:46 89
807 159 07:46 89
808 159 07:46 89
809 159 07:46 89
810 159 07:46 89
811 159 07:46 89
812 159 07:44 89
813 160 07:42 89
814 160 07:33 89
815 161 07:17 89
816 161 06:55 89
817 161 06:48 89
818 161 06:41 90
819 161 06:35 90
820 161 06:34 90
821 161 06:35 91
822 161 06:35 91
827 163 06:34 91
832 164 06:37 91
837 164 06:39 91
840 164 06:38 91
841 164 06:37 91
842 162 06:36 91
843 162 06:34 91
844 162 06:33 91
845 162 06:32 91
846 162 06:31 91
847 163 06:30 91
848 163 06:29 91
849 163 06:29 91
850 164 06:30 91
851 164 06:32 91
852 164 06:33 91
853 164 06:34 91
854 164 06:35 91
855 162 06:36 91
856 162 06:37 91
857 162 06:39 91
858 163 06:39 91
859 163 06:39 92
860 163 06:38 92
861 163 06:36 92
862 163 06:35 92
863 163 06:33 92
864 163 06:31 92
865 163 06:29 92
866 164 06:29 92
867 164 06:28 92
868 164 06:23 93
870 167 06:21 93
872 167 06:22 93
873 167 06:23 93
874 167 06:25 93
875 168 06:26 93
876 169 06:27 93
877 169 06:30 93
878 169 06:30 93
879 169 06:31 93
880 170 06:30 93
881 171 06:29 93
882 171 06:29 93
883 171 06:30 93
884 171 06:31 93
885 171 06:32 93
886 172 06:31 93
887 172 06:29 93
888 171 06:28 93
889 171 06:25 93
890 171 06:24 93
891 171 06:23 93
892 171 06:23 93
893 171 06:24 93
894 171 06:24 93
895 171 06:22 93
896 171 06:22 93
897 172 06:23 93
898 172 06:24 93
899 172 06:24 93
900 165 06:23 93
901 165 06:23 93
902 166 06:24 93
903 166 06:25 93
904 167 06:26 93
905 168 06:26 93
906 169 06:26 93
907 169 06:27 93
908 169 06:28 93
909 169 06:31 93
910 169 06:32 93
911 169 06:33 93
912 169 06:33 93
913 169 06:31 93
914 169 06:30 93
919 171 06:26 93
920 172 06:26 93
921 172 06:25 93
922 172 06:24 93
923 172 06:22 93
924 172 06:21 93
929 174 06:23 93
934 174 06:26 93
936 174 06:25 93
937 174 06:25 93
938 174 06:25 93
943 175 06:23 93
944 173 06:24 93
945 174 06:25 93
946 174 06:24 93
947 174 06:23 93
948 174 06:23 93
949 174 06:24 93
950 174 06:25 93
951 175 06:26 93
952 176 06:26 93
953 176 06:27 93
954 176 06:27 93
955 176 06:27 93
956 177 06:26 93
957 177 06:27 93
958 174 06:28 93
959 172 06:31 93
960 173 06:32 93
961 173 06:33 93
965 176 06:31 93
970 177 06:29 93
975 177 06:25 93
979 177 06:28 93
980 177 06:29 93
981 177 06:28 93
982 176 06:28 93
983 176 06:28 93
984 176 06:30 93
985 176 06:31 93
986 176 06:33 93
987 177 06:33 93
988 176 06:33 93
989 176 06:32 93
990 176 06:30 93
991 176 06:29 93
992 176 06:28 93
993 176 06:26 93
994 176 06:26 93
995 176 06:23 93
996 176 06:22 93
997 176 06:22 93
998 176 06:22 93
999 176 06:21 93
1000 176 06:21 93
1001 176 06:21 93
1002 176 06:21 93
1003 176 06:21 93
1004 176 06:22 93
1005 176 06:23 93
1006 176 06:25 93
1007 177 06:26 93
1008 177 06:26 93
1013 177 06:30 93
1016 177 06:28 93
1017 176 06:27 93
1018 177 06:27 93
1019 177 06:27 93
1020 177 06:28 93
1021 177 06:27 93
1022 176 06:26 93
1023 176 06:25 93
1024 177 06:26 93
1025 177 06:27 93
1026 177 06:29 93
1027 176 06:30 93
1028 176 06:33 93
1029 176 06:33 93
1030 177 06:36 93
1031 177 06:38 93
1032 177 06:39 93
1033 177 06:41 93
1034 177 06:42 93
1035 177 06:42 92
1036 176 06:43 92
1037 176 06:43 92
1038 176 06:41 92
1039 176 06:40 92
1040 176 06:38 92
1041 176 06:38 92
1042 176 06:38 92
1043 175 06:37 92
1044 175 06:38 92
1045 175 06:38 92
1046 175 06:38 92
1047 175 06:38 92
1048 175 06:34 92
1049 175 06:33 92
1050 175 06:33 92
1051 175 06:34 92
1052 175 06:34 92
1053 176 06:35 92
1054 176 06:36 92
1059 176 06:36 92
1063 177 06:37 92
1064 177 06:36 92
1069 176 06:33 92
1074 176 06:23 92
1076 176 06:22 92
1077 176 06:24 93
1082 176 06:30 93
1083 177 06:29 93
1084 177 06:26 93
1085 176 06:26 93
1086 177 06:25 93
1087 177 06:26 93
1088 177 06:27 93
1089 177 06:28 93
1090 177 06:27 93
1091 177 06:27 93
1092 178 06:26 93
1093 178 06:25 93
1094 178 06:24 93
1095 178 06:24 93
1096 177 06:24 93
1097 176 06:23 93
1098 176 06:20 93
1099 177 06:19 93
1100 177 06:19 93
1105 177 06:23 93
1110 178 06:27 93
1111 177 06:29 93
1112 178 06:30 93
1113 177 06:31 93
1114 178 06:30 93
1115 178 06:27 93
1119 178 06:21 93
1120 177 06:17 93
1121 177 06:18 93
1122 177 06:20 93
1123 177 06:19 93
1124 177 06:17 93
1125 177 06:16 93
1126 177 06:17 93
1127 177 06:19 93
1128 177 06:20 93
1129 176 06:20 93
1130 176 06:20 93
1131 176 06:19 93
1132 177 06:19 93
1133 177 06:19 93
1134 177 06:18 93
1135 176 06:18 93
1136 176 06:19 93
1137 176 06:20 93
1138 176 06:20 93
1139 176 06:17 93
1140 176 06:15 93
1141 176 06:13 93
1142 176 06:14 93
1143 175 06:17 93
1144 176 06:19 93
1145 175 06:20 93
1146 175 06:20 93
1147 175 06:19 93
1148 176 06:16 93
1149 176 06:16 93
1153 176 06:17 93
1154 176 06:17 93
1155 177 06:18 93
1156 177 06:18 93
1157 177 06:18 93
1158 177 06:19 93
1159 177 06:20 93
1160 178 06:20 93
1161 178 06:19 93
1162 178 06:19 93
1163 178 06:17 93
1164 178 06:17 93
1165 178 06:16 93
1166 178 06:16 93
1167 179 06:16 93
1168 179 06:17 93
1170 179 06:17 93
1171 178 06:17 93
1172 178 06:17 93
1173 178 06:18 93
1174 178 06:19 93
1175 178 06:20 93
1176 179 06:21 93
1177 178 06:23 93
1178 178 06:21 93
1179 179 06:21 93
1180 178 06:20 93
1181 178 06:20 93
1182 178 06:19 93
1183 179 06:17 94
1184 179 06:16 94
1185 179 06:17 94
1186 179 06:18 94
1187 179 06:18 94
1188 179 06:17 94
1189 179 06:17 94
1190 179 06:16 94
1191 179 06:17 94
1192 180 06:18 94
1193 177 06:19 94
1194 177 06:18 94
1195 177 06:19 94
1196 179 06:19 94
1197 179 06:18 94
1201 179 06:24 94
1202 179 06:25 94
1203 180 06:25 94
1204 179 06:25 94
1205 179 06:25 94
1206 179 06:24 94
1207 179 06:25 94
1208 179 06:25 94
1209 179 06:27 94
1210 179 06:27 94
1211 179 06:28 94
1216 178 06:49 92
1217 178 07:00 90
1223 177 08:07 88
1224 176 08:36 87
1225 176 09:25 83
1226 177 09:26 76
1227 176 09:26 79
1228 176 09:20 82
1229 176 09:16 84
1230 176 09:04 85
1231 176 08:53 86
1232 175 08:41 86
1233 175 08:38 86
1234 175 08:38 87
1235 175 08:39 87
1236 174 08:40 87
1237 174 08:38 87
1238 174 08:37 87
1239 173 08:35 87
1240 173 08:35 87
1241 173 08:33 87
1248 172 08:20 87
1255 171 08:19 87
1259 170 08:23 87
1260 169 08:24 87
1261 169 08:24 87
1262 168 08:23 87
1263 168 08:22 87
1264 168 08:22 88
1265 168 08:22 88
1266 167 08:22 88
1267 166 08:22 88
1268 165 08:22 88
1269 165 08:23 88
1270 165 08:24 88
1271 165 08:24 88
1272 165 08:23 88
1273 164 08:19 88
1274 164 08:17 88
1275 164 08:15 88
1276 164 08:15 88
1277 164 08:15 88
1278 164 08:16 88
1279 164 08:18 88
1280 164 08:18 88
1281 163 08:20 88
1282 163 08:24 88
1283 163 08:29 88
1284 163 08:36 87
1285 163 09:03 87
1286 163 09:35 87
1287 163 10:33 84
1296 163 08:52 87
1297 163 09:09 86
1298 162 09:09 86
1299 162 09:41 84
1300 161 10:38 66
1301 161 18:39 61
1302 161 24:07 57
1303 160 21:36 54
1304 159 22:32 53
1305 159 22:46 52
1306 158 22:46 52
1307 158 22:46 51
1308 157 22:28 51
1309 157 22:32 52
1310 156 22:46 53
1311 156 22:28 53
1312 155 22:03 53
1313 155 21:32 53
1314 154 21:17 54
1315 155 19:36 60
1316 155 07:02 69
1317 155 07:03 82
1318 155 06:54 88
1319 154 06:56 88
1320 154 06:58 89
1321 153 07:02 89
1322 153 07:03 89
1323 153 07:08 89
1324 153 07:11 89
1325 153 07:15 89
1326 153 07:15 89
1327 153 07:17 89
1328 153 07:17 89
1329 154 07:19 89
1330 154 07:21 89
1331 154 07:25 89
1332 154 07:26 89
1333 155 07:26 89
1339 156 07:33 89
1345 155 07:32 89
1351 154 07:31 89
1356 154 07:30 89
1357 154 07:31 89
1363 156 07:41 89
1364 156 07:43 89
1365 156 07:43 89
1366 157 07:42 89
1367 157 07:42 89
1368 157 07:41 89
1369 158 07:41 89
1370 158 07:41 89
1371 158 07:40 89
1372 159 07:39 89
1373 160 07:39 89
1374 160 07:38 89
1375 160 07:39 89
1376 160 07:41 89
1377 160 07:43 89
1378 160 07:45 89
1379 160 07:49 89
1380 160 07:51 89
1381 160 07:51 89
1387 160 07:49 89
1393 161 07:46 89
1399 161 07:44 89
1400 161 07:44 89
1401 162 07:44 89
1402 162 07:44 89
1403 162 07:43 89
1404 162 07:42 89
1405 162 07:38 89
1406 162 07:38 89
1407 162 07:39 89
1408 163 07:39 89
1409 163 07:39 89
1410 163 07:38 89
1411 163 07:39 89
1412 163 07:41 89
1413 163 07:44 89
1414 163 07:46 89
1415 163 07:47 89
1416 163 07:47 89
1417 163 07:48 89
1418 163 07:50 89
1419 163 07:50 89
1420 163 07:51 89
1421 163 07:51 89
1422 163 07:52 89
1423 164 07:54 89
1424 163 07:55 89
1425 163 07:57 89
1426 164 07:58 89
1427 164 07:59 89
1433 163 07:54 89
1437 161 07:55 89
1438 162 07:56 89
1439 161 07:56 89
1440 162 07:56 89
1441 161 07:55 89
1442 161 07:56 89
1443 161 07:55 89
1444 161 07:53 89
1445 162 07:51 89
1449 163 07:57 89
1450 162 07:58 89
1451 162 08:00 89
1452 163 08:03 89
1453 163 08:03 89
1454 164 08:03 89
1455 164 08:03 89
1456 164 08:03 89
1457 164 08:02 89
1458 164 07:57 89
1459 164 07:56 89
1460 164 07:55 89
1461 164 07:55 89
1462 164 07:55 89
1463 164 07:56 89
1464 163 07:57 89
1465 163 07:55 89
1466 163 07:53 89
1467 162 07:52 89
1468 162 07:52 89
1469 162 07:51 89
1470 161 07:51 89
1471 161 07:51 89
1472 161 07:52 89
1473 160 07:53 89
1475 160 07:57 89
1476 159 07:57 89
1477 160 07:58 89
1481 160 08:02 89
1482 160 08:04 89
1488 160 08:01 89
1494 160 07:59 89
1495 160 07:59 89
1496 159 07:58 89
1497 159 07:59 89
1503 160 07:58 89
1504 160 07:56 89
1505 160 07:55 89
1506 160 07:53 89
1507 160 07:52 89
1508 160 07:52 89
1509 160 07:51 89
1510 160 07:49 89
1511 160 07:48 89
1512 160 07:48 89
1513 160 07:51 89
1514 160 07:52 89
1515 160 07:54 89
1516 160 07:53 89
1517 160 07:53 89
1518 160 07:52 89
1519 159 07:50 89
1520 159 07:50 89
1526 159 07:45 89
1532 161 07:45 89
1538 161 07:43 89
1539 161 07:42 89
1540 161 07:42 89
1541 160 07:45 89
1542 160 07:46 89
1543 160 07:49 89
1544 161 07:50 89
1545 161 07:51 89
1546 161 07:51 89
1547 161 07:50 89
1548 161 07:47 89
1549 161 07:46 89
1550 161 07:44 89
1551 161 07:43 89
1552 162 07:43 89
1553 163 07:44 89
1554 164 07:43 89
1555 164 07:41 89
1556 164 07:38 89
1557 164 07:37 89
1558 165 07:36 89
1559 166 07:34 89
1560 166 07:33 89
1561 166 07:34 89
1562 166 07:35 89
1563 166 07:35 89
1564 166 07:36 89
1565 166 07:37 89
1566 167 07:38 89
1567 167 07:40 89
1568 167 07:40 89
1569 167 07:39 89
1570 167 07:39 89
1573 168 07:35 89
1574 168 07:36 89
1575 168 07:36 89
1576 168 07:34 89
1577 168 07:29 89
1578 168 07:25 90
1579 168 07:02 90
1580 169 06:55 90
1581 169 06:48 90
1582 169 06:45 90
1583 170 06:41 90
1584 170 06:40 91
1585 170 06:35 91
1586 171 06:34 91
1587 171 06:33 91
1589 171 06:33 91
1590 171 06:33 91
1591 171 06:33 91
1592 172 06:33 91
1593 172 06:32 91
1594 172 06:32 91
1595 172 06:31 91
1596 172 06:29 92
1597 172 06:30 92
1598 173 06:30 92
1599 173 06:31 92
1600 173 06:31 92
1603 173 06:29 92
1604 173 06:28 92
1605 174 06:28 92
1606 174 06:28 92
1607 174 06:27 92
1608 174 06:27 92
1609 174 06:26 92
1610 174 06:24 92
1611 174 06:23 92
1612 174 06:23 92
1613 175 06:23 92
1618 175 06:27 92
1621 175 06:29 92
1622 176 06:32 92
1624 176 06:32 92
1625 176 06:32 92
1626 176 06:33 92
1627 176 06:33 92
1628 177 06:33 92
1629 177 06:32 92
1634 176 06:31 92
1635 176 06:30 92
1636 176 06:30 92
1640 177 06:30 92
1641 177 06:29 92
1643 177 06:27 92
1644 177 06:28 92
1645 177 06:30 92
1646 177 06:31 92
1647 177 06:33 92
1648 177 06:33 92
1649 177 06:34 92
1650 178 06:33 92
1651 177 06:33 92
1652 177 06:33 92
1653 177 06:34 92
1654 177 06:34 92
1655 176 06:33 92
1656 176 06:33 92
1657 176 06:33 92
1658 176 06:34 92
1659 176 06:34 92
1661 176 06:33 92
1662 176 06:34 92
1667 177 06:36 92
1672 178 06:38 92
1677 178 06:40 92
1678 178 06:39 92
1679 178 06:38 92
1680 178 06:37 92
1681 178 06:36 92
1682 178 06:37 92
1683 178 06:36 92
1684 178 06:35 92
1685 178 06:34 92
1686 178 06:33 92
1687 178 06:34 92
1688 178 06:35 92
1689 178 06:37 92
1690 178 06:38 92
1691 178 06:39 92
1692 178 06:39 92
1693 178 06:39 92
1694 178 06:39 92
1695 178 06:38 92
1696 178 06:38 92
1697 178 06:38 92
1698 178 06:38 92
1699 178 06:39 92
1700 178 06:40 92
1701 178 06:41 92
1702 177 06:41 92
1703 177 06:42 92
1704 177 06:41 92
1705 177 06:41 92
1706 177 06:41 92
1707 177 06:41 92
1712 177 06:35 92
1715 177 06:32 92
1716 177 06:30 92
1717 177 06:30 92
1718 177 06:30 92
1719 177 06:30 92
1720 177 06:30 92
1721 177 06:30 92
1722 177 06:32 92
1723 177 06:33 92
1724 177 06:35 92
1725 177 06:36 92
1726 177 06:36 92
1727 177 06:35 92
1729 177 06:34 92
1730 177 06:33 92
1732 177 06:32 92
1733 177 06:29 92
1734 177 06:29 92
1735 177 06:28 92
1736 177 06:27 92
1737 177 06:27 92
1738 177 06:29 92
1739 178 06:31 92
1740 178 06:32 92
1741 178 06:34 92
1743 178 06:34 92
1744 178 06:34 92
1745 178 06:34 92
1746 178 06:34 92
1747 178 06:34 92
1748 177 06:34 92
1749 178 06:36 92
1750 178 06:36 92
1751 178 06:34 92
1752 178 06:33 92
1753 177 06:32 92
1756 177 06:30 92
1757 177 06:29 92
1761 177 06:31 92
1762 177 06:30 92
1767 176 06:33 92
1772 176 06:36 92
1775 176 06:36 92
1776 176 06:36 92
1781 176 06:38 92
1783 176 06:39 92
1784 176 06:39 92
1785 176 06:39 92
1786 176 06:37 92
1787 176 06:37 92
1788 177 06:39 92
1789 177 06:39 92
1790 177 06:41 92
1791 177 06:41 92
1792 177 06:42 92
1793 177 06:42 92
1794 177 06:43 92
1795 178 06:44 92
1796 177 06:45 92
1797 177 06:45 92
1798 176 06:46 92
1799 176 06:47 92
1805 176 06:43 92
1810 175 06:41 92
1815 176 06:42 92
1818 176 06:46 92
1819 175 06:46 92
1820 175 06:46 92
1821 175 06:45 92
1822 175 06:46 92
1823 175 06:46 92
1824 175 06:46 92
1825 175 06:45 92
1826 175 06:46 92
1827 175 06:47 92
1828 175 06:47 92
1830 176 06:48 92
1831 176 06:48 92
1832 176 06:48 92
1833 176 06:48 92
1834 176 06:47 92
1835 176 06:46 92
1836 176 06:45 92
1837 176 06:45 92
1838 176 06:44 92
1839 176 06:44 92
1840 175 06:46 92
1841 175 06:46 92
1842 176 06:48 92
1843 175 06:50 92
1844 175 06:53 91
1845 175 06:55 91
1846 175 06:57 91
1847 175 06:59 91
1848 175 07:05 91
1849 175 07:07 91
1850 175 07:08 91
1854 173 07:17 90
1855 173 07:17 90
1857 170 07:18 90
1858 171 07:18 90
1859 171 07:19 90
1860 171 07:21 90
1861 171 07:21 90
1862 171 07:21 90
1863 171 07:20 90
1864 171 07:20 90
1865 170 07:20 90
1866 171 07:19 90
1867 170 07:22 90
1868 171 07:25 90
1869 170 07:26 90
1871 170 07:31 90
1872 170 07:33 90
1873 170 07:36 90
1874 170 07:38 90
1875 170 07:38 90
1876 170 07:38 90
1877 171 07:40 90
1878 171 07:42 90
1879 171 07:46 90
1880 170 07:50 90
1883 171 07:52 89
1884 171 07:51 89
1885 171 07:47 89
1886 171 07:46 89
1887 171 07:43 89
1888 171 07:43 89
1889 171 07:44 89
1890 171 07:44 89
1891 170 07:44 89
1892 171 07:44 89
1898 169 07:46 88
1900 169 07:45 88
1901 169 07:46 89
1902 169 07:46 89
1908 170 07:53 89
1914 170 08:06 89
1916 170 08:04 89
1917 170 08:03 89
1918 170 08:02 89
1919 169 08:02 89
1920 170 08:02 89
1921 170 08:02 89
1922 170 08:00 89
1923 170 07:59 89
1924 169 07:58 89
1925 169 07:58 89
1926 169 07:56 89
1927 169 07:56 89
1928 169 07:55 89
1929 170 07:54 89
1930 169 07:53 89
1931 169 07:54 89
1932 169 07:55 89
1933 169 07:55 89
1934 169 07:55 89
1935 169 07:56 89
1936 168 07:56 89
1937 168 07:57 89
1938 168 07:58 89
1944 167 07:58 89
1947 166 07:57 89
1948 166 07:53 89
1949 166 07:51 89
1950 165 07:48 89
1951 165 07:50 89
1953 165 07:54 89
1954 165 07:57 88
1955 165 08:32 88
1956 165 09:10 86
1957 165 09:38 79
1958 165 09:22 74
1959 165 09:06 76
1960 165 08:27 79
1961 165 08:13 82
1962 165 08:04 83
1963 165 07:55 84
1964 165 07:51 85
1965 165 07:47 86
1966 165 07:47 86
1967 165 07:46 87
1968 165 07:46 87
1969 165 07:46 87
1970 165 07:46 87
1971 165 07:46 87
1972 164 07:46 87
1973 164 07:46 87
1974 163 07:48 87
1975 163 07:50 87
1976 162 07:51 87
1977 162 07:51 87
1978 163 07:51 87
1979 162 07:51 87
1980 162 07:51 88
1981 162 07:51 88
1982 163 07:50 88
1983 163 07:47 88
1984 163 07:47 88
1985 163 07:47 89
1986 164 07:48 89
1987 164 07:48 89
1988 164 07:48 89
1989 162 07:47 89
1992 163 07:52 89
1993 164 07:54 89
1994 164 07:54 89
1995 164 07:55 89
1996 164 07:55 89
1997 164 07:55 89
1998 164 07:57 89
1999 164 07:58 89
2000 164 07:57 89
2001 165 07:56 89
2002 165 07:56 89
2003 164 07:55 88
2004 164 07:55 88
2005 164 07:53 88
2006 164 07:53 88
2007 164 07:52 88
2008 164 07:52 88
2009 164 07:52 88
2010 163 07:52 88
2011 164 07:52 88
2012 164 07:48 88
2013 163 07:47 88
2014 163 07:47 88
2015 163 07:47 88
2016 163 07:48 88
2017 164 07:49 88
2018 164 07:51 88
2019 164 07:52 88
2020 164 07:52 88
2021 164 07:51 88
2022 164 07:51 88
2023 164 07:51 88
2024 164 07:50 88
2025 164 07:48 88
2026 164 07:48 88
2027 164 07:49 88
2028 164 07:51 88
2029 164 07:50 88
2030 164 07:49 88
2031 164 07:46 88
2032 163 07:45 88
2035 162 07:42 88
2036 162 07:42 88
2037 162 07:43 88
2038 162 07:42 88
2039 162 07:42 88
2040 162 07:40 88
2041 162 07:39 88
2042 162 07:40 88
2045 162 07:41 88
2046 162 07:42 88
2047 162 07:43 88
2048 162 07:44 88
2049 162 07:46 88
2050 162 07:47 88
2051 162 07:50 88
2054 162 07:54 88
2055 162 07:55 88
2056 162 07:56 88
2062 163 08:00 88
2063 163 08:02 88
2064 163 08:03 88
2065 163 08:02 88
2066 163 08:02 88
2067 164 08:00 88
2068 164 07:59 88
2069 164 07:56 88
2070 164 07:53 88
2071 165 07:52 88
2072 165 07:52 88
2073 164 07:52 88
2074 165 07:52 88
2075 165 07:51 88
2076 165 07:49 88
2077 165 07:48 88
2078 165 07:45 88
2079 165 07:44 88
2080 165 07:44 89
2081 166 07:44 89
2082 166 07:43 89
2085 166 07:38 90
2091 167 07:06 90
2092 167 07:04 90
2093 168 07:03 90
2094 168 07:02 90
2095 167 07:02 90
2096 167 06:59 90
2097 167 06:55 90
2098 167 06:53 90
2099 168 06:51 90
2100 167 06:51 90
2101 167 06:51 90
2102 167 06:50 90
2103 167 06:49 90
2104 167 06:49 91
2105 167 06:49 91
2106 167 06:49 91
2107 167 06:50 91
2108 168 06:51 91
2109 168 06:50 91
2110 168 06:48 91
2111 168 06:48 91
2112 169 06:48 91
2113 169 06:47 91
2114 169 06:45 91
2115 168 06:44 91
2116 168 06:41 91
2117 168 06:40 91
2118 169 06:38 91
2119 169 06:36 91
2120 169 06:35 91
2121 169 06:34 91
2122 170 06:34 91
2123 170 06:34 91
2124 170 06:33 92
2125 169 06:33 92
2126 169 06:34 92
2127 170 06:35 92
2128 170 06:39 92
2129 169 06:39 92
2134 170 06:42 92
2135 170 06:43 92
2136 171 06:42 92
2137 171 06:41 92
2138 171 06:41 92
2139 171 06:41 92
2140 171 06:40 92
2141 171 06:40 92
2142 171 06:40 92
2143 171 06:40 92
2144 171 06:40 92
2145 171 06:40 92
2146 171 06:40 92
2147 171 06:40 92
2148 172 06:39 92
2149 172 06:38 92
2154 171 06:38 92
2155 172 06:39 92
2156 171 06:40 92
2157 171 06:41 92
2158 171 06:42 92
2159 172 06:43 92
2160 172 06:43 92
2162 172 06:43 92
2163 172 06:43 92
2164 172 06:42 92
2165 172 06:42 92
2166 173 06:42 92
2167 173 06:40 92
2168 173 06:39 92
2169 173 06:38 92
2170 173 06:38 92
2171 173 06:37 92
2172 173 06:36 92
2173 173 06:36 92
2174 173 06:36 92
2175 173 06:34 92
2180 174 06:40 92
2181 174 06:42 92
2187 175 06:44 92
2190 175 06:41 92
2191 175 06:40 92
2192 175 06:40 92
2193 174 06:40 92
2194 174 06:39 92
2195 174 06:40 92
2200 175 06:33 92
2202 175 06:29 92
2203 175 06:29 92
2204 176 06:30 93
2205 176 06:32 93
2206 176 06:32 93
2207 176 06:33 93
2208 176 06:34 93
2209 176 06:33 93
2210 176 06:32 93
2211 175 06:30 93
2212 176 06:30 93
2213 176 06:28 93
2214 176 06:28 93
2215 176 06:28 93
2216 176 06:28 93
2217 175 06:27 93
2218 175 06:27 93
2219 176 06:28 93
2220 176 06:28 93
2225 176 06:28 93
2230 176 06:24 93
2235 176 06:21 95
2237 176 06:19 95
2238 176 06:18 95
2239 176 06:18 95
2240 176 06:20 95
2241 176 06:20 95
2242 176 06:22 94
2243 176 06:22 94
2244 175 06:22 94
2245 175 06:24 94
2246 175 06:25 94
2247 175 06:24 94
2248 175 06:24 94
2249 176 06:24 94
2250 175 06:23 94
2251 175 06:22 94
2252 175 06:23 94
2253 176 06:24 94
2254 176 06:27 94
2255 176 06:27 94
2256 176 06:28 94
2257 176 06:29 94
2258 176 06:32 94
2259 176 06:32 94
2260 176 06:33 94
2261 176 06:34 94
2262 176 06:34 94
2263 177 06:33 94
2264 176 06:32 94
2265 176 06:33 94
2266 176 06:33 93
2267 176 06:33 93
2272 176 06:30 93
2273 176 06:30 93
2274 176 06:29 93
2275 176 06:28 93
2276 176 06:28 93
2277 176 06:29 93
2278 176 06:32 93
2279 176 06:34 93
2280 176 06:52 93
2281 176 07:06 92
2282 176 07:17 91
2283 176 07:39 91
2284 176 07:49 89
2285 176 08:02 89
2290 174 08:14 88
2291 173 08:13 88
2292 173 08:13 88
2293 172 08:12 88
2294 172 08:13 88
2295 172 08:14 88
2296 171 08:15 88
2297 170 08:15 88
2298 170 08:15 88
2299 170 08:16 88
2300 170 08:17 88
2307 169 08:16 88
2308 169 08:16 88
2309 169 08:16 88
2310 168 08:15 88
2311 168 08:15 88
2312 168 08:18 88
2313 168 08:20 88
2314 168 08:22 88
2315 168 08:24 88
2316 167 08:22 88
2317 167 08:20 88
2318 167 08:19 88
2319 167 08:18 88
2320 167 08:18 88
2321 167 08:18 88
2322 167 08:17 88
2323 167 08:16 88
2324 167 08:15 88
2325 167 08:11 88
2326 166 08:10 88
2327 166 08:10 88
2328 166 08:08 88
2329 166 08:07 88
2330 166 08:05 88
2332 166 08:05 88
2333 166 08:04 88
2334 166 08:02 88
2335 165 08:02 88
2341 164 07:59 88
2343 164 07:58 88
2344 165 07:59 88
2345 164 07:59 88
2346 164 07:59 88
2347 164 07:58 88
2348 164 07:57 88
2349 165 07:57 88
2350 165 07:56 88
2351 165 07:56 88
2352 164 07:57 88
2353 164 07:57 88
2354 164 07:59 88
2355 164 08:01 88
2358 163 08:02 88
2359 163 08:02 88
2360 163 08:02 88
2361 162 08:02 88
2362 162 08:03 88
2363 162 08:02 88
2364 162 07:59 88
2365 162 07:55 88
2366 162 07:55 88
2367 161 07:56 88
2368 161 07:56 88
2369 161 07:56 88
2370 161 07:59 88
2371 160 07:58 88
2372 160 07:57 88
2373 160 07:56 88
2374 160 07:55 88
2375 161 07:54 89
2376 161 07:53 89
2377 161 07:51 89
2378 161 07:48 89
2379 161 07:48 89
2380 161 07:48 89
2381 162 07:47 89
2387 163 07:37 89
2393 163 07:48 89
2400 163 08:33 86
2403 164 07:54 87
2404 164 07:51 87
2410 163 07:50 88
2411 163 07:48 88
2412 164 07:48 88
2413 163 07:48 88
2414 163 07:49 88
2415 164 07:49 88
2416 164 07:50 88
2417 164 07:51 88
2418 164 07:52 88
2419 165 07:52 88
2420 165 07:53 88
2421 165 07:53 88
2422 165 07:54 88
2423 164 07:53 88
2424 164 07:52 88
2425 164 07:51 88
2426 165 07:50 89
2427 165 07:50 89
2429 164 07:52 89
2430 164 07:54 89
2436 164 07:54 89
2442 164 07:50 89
2445 164 08:30 87
